{
  "camera_angle_x": 0.7537279737758527,
  "camera_angle_y": 1.236522729851501,
  "fl_x": 1364.3910660667577,
  "fl_y": 1349.665220662228,
  "k1": 0.09250751625150884,
  "k2": -0.08195823456402676,
  "k3": 0,
  "k4": 0,
  "p1": -0.000991732017814618,
  "p2": -0.004099288010608763,
  "is_fisheye": false,
  "cx": 564.652650839104,
  "cy": 967.9538302041306,
  "w": 1080.0,
  "h": 1920.0,
  "aabb_scale": 16,
  "frames": [
    {
      "file_path": "./data\\livingroom\\images/0005.jpg",
      "sharpness": 109.69280766150476,
      "transform_matrix": [
        [
          0.24323860606261738,
          -0.25019328552724013,
          0.9371436925253035,
          4.284968031181678
        ],
        [
          0.968522692988789,
          0.11534348422198688,
          -0.22058937828754896,
          -1.355939497318503
        ],
        [
          -0.05290343740635374,
          0.9613007856889476,
          0.27037386298711724,
          1.9403179831482156
        ],
        [
          0.0,
          0.0,
          0.0,
          1.0
        ]
      ]
    },
    {
      "file_path": "./data\\livingroom\\images/0006.jpg",
      "sharpness": 102.10668402563441,
      "transform_matrix": [
        [
          0.408519859944818,
          -0.2394190980529299,
          0.8807894297505783,
          3.866506180859652
        ],
        [
          0.9094258788748872,
          0.189041283350075,
          -0.3704159338122575,
          -1.9763206562326212
        ],
        [
          -0.07782091538346551,
          0.952334966656943,
          0.2949610422641799,
          1.9426791510046661
        ],
        [
          0.0,
          0.0,
          0.0,
          1.0
        ]
      ]
    },
    {
      "file_path": "./data\\livingroom\\images/0007.jpg",
      "sharpness": 97.2896951964904,
      "transform_matrix": [
        [
          0.5909111014660805,
          -0.2196152853609273,
          0.776268765726242,
          3.1174860160469806
        ],
        [
          0.8029184341134019,
          0.25360802955088463,
          -0.53944875151233,
          -2.4798173090540034
        ],
        [
          -0.0783968005767532,
          0.9420467577687103,
          0.32619296111191937,
          1.9949319166238184
        ],
        [
          0.0,
          0.0,
          0.0,
          1.0
        ]
      ]
    },
    {
      "file_path": "./data\\livingroom\\images/0008.jpg",
      "sharpness": 113.68664009245988,
      "transform_matrix": [
        [
          0.7569063627087393,
          -0.17427862612566594,
          0.6298569032795766,
          2.2105174315734506
        ],
        [
          0.6503291585684321,
          0.2960347919809137,
          -0.6995965890800953,
          -2.9041227066224873
        ],
        [
          -0.06453482495303084,
          0.9391434195323806,
          0.33740908991827834,
          2.0517555820036035
        ],
        [
          0.0,
          0.0,
          0.0,
          1.0
        ]
      ]
    },
    {
      "file_path": "./data\\livingroom\\images/0013.jpg",
      "sharpness": 151.96734276107975,
      "transform_matrix": [
        [
          0.8594631262540424,
          0.2861328890534529,
          -0.42361669520182227,
          -1.7919088170442277
        ],
        [
          -0.5109801122825485,
          0.5050408016579648,
          -0.695581133666236,
          -2.22008253961625
        ],
        [
          0.014915075993430038,
          0.8142860421831031,
          0.5802721620550656,
          2.4741164065288164
        ],
        [
          0.0,
          0.0,
          0.0,
          1.0
        ]
      ]
    },
    {
      "file_path": "./data\\livingroom\\images/0004.jpg",
      "sharpness": 153.20527777759548,
      "transform_matrix": [
        [
          0.07413332429618039,
          -0.2718387380082081,
          0.9594831685803891,
          4.549134335211537
        ],
        [
          0.9972483365428777,
          0.020136418807087605,
          -0.07134619751676056,
          -0.709833526838744
        ],
        [
          7.410537375438991e-05,
          0.9621321246054918,
          0.27258350895219013,
          1.9084956612191337
        ],
        [
          0.0,
          0.0,
          0.0,
          1.0
        ]
      ]
    },
    {
      "file_path": "./data\\livingroom\\images/0003.jpg",
      "sharpness": 145.61657595599132,
      "transform_matrix": [
        [
          -0.0003641024611879478,
          -0.2700723282760813,
          0.9628399685155862,
          4.813577779876445
        ],
        [
          0.9998916743846338,
          0.014069073649225536,
          0.004324426315424429,
          -0.10732681190421509
        ],
        [
          -0.014714174312928811,
          0.9627372428177623,
          0.2700379499405851,
          1.8480545212224144
        ],
        [
          0.0,
          0.0,
          0.0,
          1.0
        ]
      ]
    },
    {
      "file_path": "./data\\livingroom\\images/0011.jpg",
      "sharpness": 127.52473761051543,
      "transform_matrix": [
        [
          0.9911133746902117,
          0.09720416482274372,
          -0.09080544528525868,
          -0.5188707836890067
        ],
        [
          -0.1269701138629493,
          0.48778787997755785,
          -0.8636790922169185,
          -2.971581089559999
        ],
        [
          -0.03965940918769665,
          0.867533477463734,
          0.4957951157330378,
          2.3113689220344016
        ],
        [
          0.0,
          0.0,
          0.0,
          1.0
        ]
      ]
    },
    {
      "file_path": "./data\\livingroom\\images/0009.jpg",
      "sharpness": 124.71722647281221,
      "transform_matrix": [
        [
          0.8965380221086706,
          -0.08654251270345545,
          0.4344306255901,
          1.3290870817931166
        ],
        [
          0.4325161434780482,
          0.3827988580619469,
          -0.8163300924854828,
          -3.172593022709041
        ],
        [
          -0.09565228998388965,
          0.9197692252937092,
          0.3806247649137143,
          2.1313696452849746
        ],
        [
          0.0,
          0.0,
          0.0,
          1.0
        ]
      ]
    },
    {
      "file_path": "./data\\livingroom\\images/0012.jpg",
      "sharpness": 130.0417727557817,
      "transform_matrix": [
        [
          0.9547784614426561,
          0.16491190831052957,
          -0.24739068718271268,
          -1.3406731794425952
        ],
        [
          -0.29728204017820603,
          0.5165476492661055,
          -0.8029955881729085,
          -2.6594455541947575
        ],
        [
          -0.00463445689597367,
          0.8402277004277356,
          0.5422139183803486,
          2.402418975244736
        ],
        [
          0.0,
          0.0,
          0.0,
          1.0
        ]
      ]
    },
    {
      "file_path": "./data\\livingroom\\images/0010.jpg",
      "sharpness": 155.35464023895938,
      "transform_matrix": [
        [
          0.9838865397206843,
          -0.003419942887555439,
          0.17876124017601036,
          0.35602171878841643
        ],
        [
          0.16059123125354371,
          0.45642733236140254,
          -0.8751482998429101,
          -3.1591386692585575
        ],
        [
          -0.07859855877954838,
          0.8897541201351568,
          0.4496219215101323,
          2.2279649066041247
        ],
        [
          0.0,
          0.0,
          0.0,
          1.0
        ]
      ]
    },
    {
      "file_path": "./data\\livingroom\\images/0016.jpg",
      "sharpness": 98.00458526227038,
      "transform_matrix": [
        [
          0.2478494748617339,
          0.6403528955291634,
          -0.7269929896775755,
          -2.747761401796174
        ],
        [
          -0.9667080841209992,
          0.21273913204226289,
          -0.14218840245611702,
          -0.19694462483827752
        ],
        [
          0.06360910240137672,
          0.7380313211007844,
          0.6717616029575482,
          2.5115929429267725
        ],
        [
          0.0,
          0.0,
          0.0,
          1.0
        ]
      ]
    },
    {
      "file_path": "./data\\livingroom\\images/0002.jpg",
      "sharpness": 149.75578936485687,
      "transform_matrix": [
        [
          -0.10084921219870231,
          -0.2610781437940933,
          0.9600352281422245,
          5.07413817327553
        ],
        [
          0.9948963089039239,
          -0.02328118156952408,
          0.09818004437810249,
          0.45675048169515886
        ],
        [
          -0.0032819092843381094,
          0.9650368850256008,
          0.26209357041657283,
          1.7873549815402148
        ],
        [
          0.0,
          0.0,
          0.0,
          1.0
        ]
      ]
    },
    {
      "file_path": "./data\\livingroom\\images/0001.jpg",
      "sharpness": 139.72204282286853,
      "transform_matrix": [
        [
          -0.14409282457724293,
          -0.24680944635018934,
          0.9582913727775213,
          5.119444674807094
        ],
        [
          0.9895639441201327,
          -0.03660108268060169,
          0.13936843704378105,
          0.7032446613291858
        ],
        [
          0.0006770549816705156,
          0.968372582212574,
          0.2495076825624328,
          1.7802193574394434
        ],
        [
          0.0,
          0.0,
          0.0,
          1.0
        ]
      ]
    },
    {
      "file_path": "./data\\livingroom\\images/0014.jpg",
      "sharpness": 172.03420714269572,
      "transform_matrix": [
        [
          0.7002529774694443,
          0.45214006893379466,
          -0.5524627821418217,
          -2.150149785021771
        ],
        [
          -0.7128166062123118,
          0.48534594219136845,
          -0.5062922103946944,
          -1.6318516608734646
        ],
        [
          0.03922057461578693,
          0.7483372732234166,
          0.6621578905922073,
          2.5136119717366454
        ],
        [
          0.0,
          0.0,
          0.0,
          1.0
        ]
      ]
    },
    {
      "file_path": "./data\\livingroom\\images/0015.jpg",
      "sharpness": 168.91158129274754,
      "transform_matrix": [
        [
          0.5580501007036336,
          0.5312557331306353,
          -0.6374538659092561,
          -2.2907445561820525
        ],
        [
          -0.8275014306315341,
          0.41350783833285115,
          -0.3798060688562879,
          -1.0530906522372037
        ],
        [
          0.06181801857134398,
          0.7394448009746151,
          0.670372970020195,
          2.512857822532053
        ],
        [
          0.0,
          0.0,
          0.0,
          1.0
        ]
      ]
    },
    {
      "file_path": "./data\\livingroom\\images/0022.jpg",
      "sharpness": 191.4791039704165,
      "transform_matrix": [
        [
          -0.98534684569618,
          0.1511330253797762,
          -0.07905948620061222,
          0.06965806378504792
        ],
        [
          -0.14509522710866465,
          -0.49907404378040104,
          0.8543257422640232,
          3.145767973479949
        ],
        [
          0.08966029661084439,
          0.8532783294422754,
          0.5136897154489538,
          1.704292692235028
        ],
        [
          0.0,
          0.0,
          0.0,
          1.0
        ]
      ]
    },
    {
      "file_path": "./data\\livingroom\\images/0018.jpg",
      "sharpness": 160.06180313144648,
      "transform_matrix": [
        [
          -0.27175469531663604,
          0.6300389151376897,
          -0.727461580447824,
          -2.562208934656389
        ],
        [
          -0.9563631897336865,
          -0.09250050963066853,
          0.2771517725732356,
          1.2256962473784228
        ],
        [
          0.10732583519237383,
          0.7710347729978954,
          0.6276834743487485,
          2.4573115379759023
        ],
        [
          0.0,
          0.0,
          0.0,
          1.0
        ]
      ]
    },
    {
      "file_path": "./data\\livingroom\\images/0019.jpg",
      "sharpness": 207.09082512428026,
      "transform_matrix": [
        [
          -0.5948415945057752,
          0.48683835215019017,
          -0.6396498232343028,
          -2.0795888334311363
        ],
        [
          -0.8002087992969698,
          -0.2830497763238242,
          0.5287236533868577,
          2.026995829010267
        ],
        [
          0.07635021276564313,
          0.8263602380543982,
          0.5579421134987859,
          2.266076689862982
        ],
        [
          0.0,
          0.0,
          0.0,
          1.0
        ]
      ]
    },
    {
      "file_path": "./data\\livingroom\\images/0024.jpg",
      "sharpness": 247.2282764267398,
      "transform_matrix": [
        [
          -0.9739642685441702,
          0.028327187663144685,
          0.22492481872945264,
          1.0393422716946679
        ],
        [
          0.2014111378630858,
          -0.34726843929273526,
          0.9158810974225291,
          2.695678642007803
        ],
        [
          0.10405362648219334,
          0.937337826798513,
          0.3325216403645294,
          0.7387960764871998
        ],
        [
          0.0,
          0.0,
          0.0,
          1.0
        ]
      ]
    },
    {
      "file_path": "./data\\livingroom\\images/0020.jpg",
      "sharpness": 290.50453411726227,
      "transform_matrix": [
        [
          -0.8060738553734905,
          0.37252397904077467,
          -0.45985957070078015,
          -1.43055651822988
        ],
        [
          -0.5846189876816968,
          -0.3804178839158037,
          0.7165911476142174,
          2.6307426357703596
        ],
        [
          0.0920085808702226,
          0.8464680257827365,
          0.5244295018550126,
          2.057284619672765
        ],
        [
          0.0,
          0.0,
          0.0,
          1.0
        ]
      ]
    },
    {
      "file_path": "./data\\livingroom\\images/0023.jpg",
      "sharpness": 300.8128582459749,
      "transform_matrix": [
        [
          -0.9969923829970524,
          0.03085260889731918,
          0.07109363411901946,
          0.5485410849835874
        ],
        [
          0.05485705300677747,
          -0.3670461473764859,
          0.9285837762051962,
          2.9063628503650136
        ],
        [
          0.05474387658203426,
          0.9296909391065316,
          0.36424972994109234,
          1.1936730836000837
        ],
        [
          0.0,
          0.0,
          0.0,
          1.0
        ]
      ]
    },
    {
      "file_path": "./data\\livingroom\\images/0029.jpg",
      "sharpness": 161.6142327116732,
      "transform_matrix": [
        [
          -0.4820955521487962,
          -0.14869982351147698,
          0.8634073436844072,
          2.660591258201897
        ],
        [
          0.871098795191636,
          -0.18669889894514452,
          0.4542360731473914,
          1.17592066205785
        ],
        [
          0.09365237649746733,
          0.9710982873329902,
          0.21953894587858827,
          -0.21631158687051735
        ],
        [
          0.0,
          0.0,
          0.0,
          1.0
        ]
      ]
    },
    {
      "file_path": "./data\\livingroom\\images/0032.jpg",
      "sharpness": 146.55363080924607,
      "transform_matrix": [
        [
          0.32333167552930175,
          -0.14171161566450646,
          0.9356144748919454,
          3.015154469817791
        ],
        [
          0.9461975649327868,
          0.061910358478979605,
          -0.31761183168811624,
          -0.9279039641239847
        ],
        [
          -0.012914941715996373,
          0.987970103566276,
          0.15410476560407518,
          -0.18197830999463002
        ],
        [
          0.0,
          0.0,
          0.0,
          1.0
        ]
      ]
    },
    {
      "file_path": "./data\\livingroom\\images/0017.jpg",
      "sharpness": 171.02657451892986,
      "transform_matrix": [
        [
          -0.010944994861191527,
          0.6697955064651527,
          -0.7424649396764396,
          -2.893510240409876
        ],
        [
          -0.9970610097632975,
          0.048994494279184425,
          0.05889721844138318,
          0.5353394868620596
        ],
        [
          0.07582578649480731,
          0.7409274722208159,
          0.667290739522952,
          2.5715484403019153
        ],
        [
          0.0,
          0.0,
          0.0,
          1.0
        ]
      ]
    },
    {
      "file_path": "./data\\livingroom\\images/0027.jpg",
      "sharpness": 220.12187114152525,
      "transform_matrix": [
        [
          -0.6344631155970459,
          -0.01142000674719284,
          0.7728687718073132,
          2.254683354482321
        ],
        [
          0.7656790907171551,
          -0.1461388603006921,
          0.6264015992544851,
          1.9154991025928225
        ],
        [
          0.10579265098397778,
          0.9891981687190808,
          0.10146377699835293,
          0.12317744330709253
        ],
        [
          0.0,
          0.0,
          0.0,
          1.0
        ]
      ]
    },
    {
      "file_path": "./data\\livingroom\\images/0021.jpg",
      "sharpness": 225.52969135489514,
      "transform_matrix": [
        [
          -0.8985274143941311,
          0.368941050923,
          -0.2377624582817706,
          -0.7071857077566349
        ],
        [
          -0.3991622005858887,
          -0.4615889321604901,
          0.7922153718089421,
          3.037986366520896
        ],
        [
          0.18253225260641048,
          0.8067330157392362,
          0.5620176315000083,
          1.9946146515281435
        ],
        [
          0.0,
          0.0,
          0.0,
          1.0
        ]
      ]
    },
    {
      "file_path": "./data\\livingroom\\images/0030.jpg",
      "sharpness": 217.8727541408905,
      "transform_matrix": [
        [
          -0.20963624355560753,
          -0.189920975105476,
          0.9591572700266834,
          2.892058474111842
        ],
        [
          0.9756447879558808,
          -0.10541462991468735,
          0.1923668462456185,
          0.6151747776875669
        ],
        [
          0.06457470963291163,
          0.9761238543630956,
          0.20739413651627586,
          -0.35353355883306414
        ],
        [
          0.0,
          0.0,
          0.0,
          1.0
        ]
      ]
    },
    {
      "file_path": "./data\\livingroom\\images/0031.jpg",
      "sharpness": 250.23794366158336,
      "transform_matrix": [
        [
          -0.0250344202164324,
          -0.21727123880556376,
          0.9757901857645852,
          2.9405847688181947
        ],
        [
          0.9993225289112267,
          -0.03177942822487952,
          0.018562089111461632,
          -0.1583574491134006
        ],
        [
          0.026977046074980957,
          0.975593807263932,
          0.21791962338327056,
          -0.25555475279369066
        ],
        [
          0.0,
          0.0,
          0.0,
          1.0
        ]
      ]
    },
    {
      "file_path": "./data\\livingroom\\images/0025.jpg",
      "sharpness": 282.35262195843774,
      "transform_matrix": [
        [
          -0.9062557021415367,
          -0.0016888128794301752,
          0.4227265668126019,
          1.4566639157487762
        ],
        [
          0.40383187480273824,
          -0.2991100039299598,
          0.8645536550396024,
          2.466468290488691
        ],
        [
          0.1249816757130265,
          0.9542171416918052,
          0.27175214310039497,
          0.2394751255346762
        ],
        [
          0.0,
          0.0,
          0.0,
          1.0
        ]
      ]
    },
    {
      "file_path": "./data\\livingroom\\images/0026.jpg",
      "sharpness": 235.68619108306504,
      "transform_matrix": [
        [
          -0.8162597334256153,
          0.012349852888503592,
          0.5775530527698184,
          1.786556607484316
        ],
        [
          0.5589265901192723,
          -0.23582190318763124,
          0.7949774190721508,
          2.1608564071791307
        ],
        [
          0.14601751427122828,
          0.971717814568828,
          0.18558926266841128,
          0.0580817538966483
        ],
        [
          0.0,
          0.0,
          0.0,
          1.0
        ]
      ]
    },
    {
      "file_path": "./data\\livingroom\\images/0033.jpg",
      "sharpness": 158.59014413389153,
      "transform_matrix": [
        [
          0.5566263184262138,
          -0.1397434928693638,
          0.8189254531873521,
          2.7093990492440807
        ],
        [
          0.8290692033431944,
          0.1563543562680497,
          -0.5368403592725645,
          -1.719849835683037
        ],
        [
          -0.053022615146637045,
          0.9777653458359961,
          0.2028879760049839,
          -0.17524719303986092
        ],
        [
          0.0,
          0.0,
          0.0,
          1.0
        ]
      ]
    },
    {
      "file_path": "./data\\livingroom\\images/0037.jpg",
      "sharpness": 95.35311968215294,
      "transform_matrix": [
        [
          0.9888559319260241,
          0.13974825225421875,
          -0.051326133000322155,
          -0.3336212125218713
        ],
        [
          -0.09140654578325604,
          0.2977888755044462,
          -0.9502455624804478,
          -2.889558086181589
        ],
        [
          -0.1175108051388119,
          0.9443475057711435,
          0.30724420102195715,
          0.49513706330919494
        ],
        [
          0.0,
          0.0,
          0.0,
          1.0
        ]
      ]
    },
    {
      "file_path": "./data\\livingroom\\images/0044.jpg",
      "sharpness": 139.89283997282493,
      "transform_matrix": [
        [
          -0.4744914756624334,
          -0.37340768564817534,
          0.7971352080197692,
          4.533160396067205
        ],
        [
          0.8785761506570499,
          -0.25688192036411167,
          0.4026358484868163,
          1.933143998427192
        ],
        [
          0.05442230268351248,
          0.8913912605183208,
          0.4499553685470986,
          4.236850373812679
        ],
        [
          0.0,
          0.0,
          0.0,
          1.0
        ]
      ]
    },
    {
      "file_path": "./data\\livingroom\\images/0028.jpg",
      "sharpness": 234.90820071341594,
      "transform_matrix": [
        [
          -0.5532303309519122,
          -0.09241398329045684,
          0.8278863790698515,
          2.518427560066261
        ],
        [
          0.8301393955584899,
          -0.14385777855946427,
          0.5386775691355008,
          1.718319902120693
        ],
        [
          0.06931655551959524,
          0.9852738681613583,
          0.15630297467235152,
          0.02005611319867807
        ],
        [
          0.0,
          0.0,
          0.0,
          1.0
        ]
      ]
    },
    {
      "file_path": "./data\\livingroom\\images/0040.jpg",
      "sharpness": 140.19794166232043,
      "transform_matrix": [
        [
          -0.7424138296860802,
          -0.26482530943372606,
          0.6153773322249853,
          3.9318256207448044
        ],
        [
          0.6532582366007131,
          -0.489879457502562,
          0.5772969716102221,
          2.473008145196154
        ],
        [
          0.14857786452791968,
          0.8305935664526666,
          0.5366925987769307,
          1.4995539245159837
        ],
        [
          0.0,
          0.0,
          0.0,
          1.0
        ]
      ]
    },
    {
      "file_path": "./data\\livingroom\\images/0038.jpg",
      "sharpness": 170.31883135139225,
      "transform_matrix": [
        [
          0.9312017840467818,
          0.19738295737066366,
          -0.30643629936719763,
          -1.1762612257333627
        ],
        [
          -0.35096955739581437,
          0.2585698111543713,
          -0.8999789011643498,
          -2.4621059326221366
        ],
        [
          -0.0984053210247989,
          0.9456117707276215,
          0.3100560786334487,
          0.42494542298772275
        ],
        [
          0.0,
          0.0,
          0.0,
          1.0
        ]
      ]
    },
    {
      "file_path": "./data\\livingroom\\images/0034.jpg",
      "sharpness": 172.52410492840232,
      "transform_matrix": [
        [
          0.7708602400876688,
          -0.0865919477414907,
          0.6310913760149772,
          2.2594296530168143
        ],
        [
          0.63486372793176,
          0.18558678854249538,
          -0.7500037272407932,
          -2.52456788252922
        ],
        [
          -0.052177938196326046,
          0.9788050768899372,
          0.1980355631250024,
          -0.13033874755754168
        ],
        [
          0.0,
          0.0,
          0.0,
          1.0
        ]
      ]
    },
    {
      "file_path": "./data\\livingroom\\images/0035.jpg",
      "sharpness": 165.83201629397513,
      "transform_matrix": [
        [
          0.8839002523486519,
          -0.04611191597551274,
          0.4653966428168746,
          1.4439449213619189
        ],
        [
          0.46147919955778144,
          0.2474481397665874,
          -0.8519427014192773,
          -2.9084270567925388
        ],
        [
          -0.0758768232548536,
          0.9678032389751018,
          0.23999916325734647,
          -0.06595428947220726
        ],
        [
          0.0,
          0.0,
          0.0,
          1.0
        ]
      ]
    },
    {
      "file_path": "./data\\livingroom\\images/0039.jpg",
      "sharpness": 141.25984615797202,
      "transform_matrix": [
        [
          0.8721327602194855,
          0.26302655233997724,
          -0.4125548222457801,
          -1.6540548636887635
        ],
        [
          -0.4815572550513004,
          0.31233826170317963,
          -0.8188695991326725,
          -2.056115483820195
        ],
        [
          -0.08652779143837483,
          0.9128317715102567,
          0.3990627748517968,
          0.8870151501023573
        ],
        [
          0.0,
          0.0,
          0.0,
          1.0
        ]
      ]
    },
    {
      "file_path": "./data\\livingroom\\images/0036.jpg",
      "sharpness": 132.33749273419284,
      "transform_matrix": [
        [
          0.9715418338538853,
          0.015989368152583203,
          0.2363277495768773,
          0.5528222030640426
        ],
        [
          0.22220982894485666,
          0.28400588791321496,
          -0.9327183109336575,
          -3.0258053851715045
        ],
        [
          -0.0820320488132869,
          0.9586892070819851,
          0.2723706064063841,
          0.2645704118620007
        ],
        [
          0.0,
          0.0,
          0.0,
          1.0
        ]
      ]
    },
    {
      "file_path": "./data\\livingroom\\images/0041.jpg",
      "sharpness": 81.19309505446111,
      "transform_matrix": [
        [
          -0.7123842476766743,
          -0.3695568446385767,
          0.5966040749819589,
          4.282070797269153
        ],
        [
          0.6869630514465989,
          -0.5410326595083256,
          0.4851447488044541,
          2.5226927798232146
        ],
        [
          0.14349372679984446,
          0.755454432746432,
          0.6392950417882423,
          2.3192645118649
        ],
        [
          0.0,
          0.0,
          0.0,
          1.0
        ]
      ]
    },
    {
      "file_path": "./data\\livingroom\\images/0046.jpg",
      "sharpness": 150.30324164332427,
      "transform_matrix": [
        [
          -0.23707847442069072,
          -0.324347293060812,
          0.9157470341162143,
          4.3762628518694955
        ],
        [
          0.9666676783028622,
          -0.17256824908522492,
          0.18913962866682754,
          1.056905403042598
        ],
        [
          0.09668193571381012,
          0.9300639939986801,
          0.35444826197348805,
          3.0925050784761248
        ],
        [
          0.0,
          0.0,
          0.0,
          1.0
        ]
      ]
    },
    {
      "file_path": "./data\\livingroom\\images/0045.jpg",
      "sharpness": 220.31164204178555,
      "transform_matrix": [
        [
          -0.3614583010153967,
          -0.33052930748681525,
          0.871836150639276,
          4.389511360825043
        ],
        [
          0.9292386152002144,
          -0.2044958263483981,
          0.30772886284338885,
          1.4172272130632864
        ],
        [
          0.07657344613605471,
          0.9213749692382976,
          0.3810573099287656,
          3.7522168224916306
        ],
        [
          0.0,
          0.0,
          0.0,
          1.0
        ]
      ]
    },
    {
      "file_path": "./data\\livingroom\\images/0043.jpg",
      "sharpness": 187.5024638276134,
      "transform_matrix": [
        [
          -0.6006289041549527,
          -0.40867237071261325,
          0.6871912491817064,
          4.517133183565699
        ],
        [
          0.7964598666189145,
          -0.3810528294561491,
          0.469521481967391,
          2.3833740814870525
        ],
        [
          0.06997571274208166,
          0.8293284238562306,
          0.5543624852499944,
          4.020787425880382
        ],
        [
          0.0,
          0.0,
          0.0,
          1.0
        ]
      ]
    },
    {
      "file_path": "./data\\livingroom\\images/0042.jpg",
      "sharpness": 198.25616414869455,
      "transform_matrix": [
        [
          -0.6613869581065841,
          -0.3687652409298561,
          0.6531305296574536,
          4.412414970875742
        ],
        [
          0.7301313342704584,
          -0.5158650470560161,
          0.4480976321543618,
          2.571483408408231
        ],
        [
          0.1716843801339617,
          0.7732369949369043,
          0.6104334716585712,
          3.2468571685912173
        ],
        [
          0.0,
          0.0,
          0.0,
          1.0
        ]
      ]
    }
  ]
}